(kicad_pcb (version 20171130) (host pcbnew no-vcs-found-c6d0075~61~ubuntu17.10.1)

  (general
    (thickness 1.6)
    (drawings 22)
    (tracks 416)
    (zones 0)
    (modules 61)
    (nets 36)
  )

  (page A4)
  (layers
    (0 F.Cu mixed hide)
    (1 In1.Cu mixed hide)
    (2 In2.Cu mixed hide)
    (31 B.Cu mixed)
    (32 B.Adhes user)
    (33 F.Adhes user)
    (34 B.Paste user)
    (35 F.Paste user)
    (36 B.SilkS user)
    (37 F.SilkS user)
    (38 B.Mask user)
    (39 F.Mask user)
    (40 Dwgs.User user)
    (41 Cmts.User user)
    (42 Eco1.User user)
    (43 Eco2.User user)
    (44 Edge.Cuts user)
    (45 Margin user)
    (46 B.CrtYd user)
    (47 F.CrtYd user)
    (48 B.Fab user hide)
    (49 F.Fab user)
  )

  (setup
    (last_trace_width 0.1524)
    (user_trace_width 0.4572)
    (trace_clearance 0.1524)
    (zone_clearance 0.2)
    (zone_45_only no)
    (trace_min 0.1524)
    (segment_width 0.2)
    (edge_width 0.15)
    (via_size 0.4572)
    (via_drill 0.1524)
    (via_min_size 0.4572)
    (via_min_drill 0.1524)
    (user_via 0.8128 0.3048)
    (uvia_size 0.3)
    (uvia_drill 0.1)
    (uvias_allowed no)
    (uvia_min_size 0.2)
    (uvia_min_drill 0.1)
    (pcb_text_width 0.3)
    (pcb_text_size 1.5 1.5)
    (mod_edge_width 0.15)
    (mod_text_size 0.508 0.508)
    (mod_text_width 0.1016)
    (pad_size 0.7 0.51)
    (pad_drill 0)
    (pad_to_mask_clearance 0.2)
    (aux_axis_origin 0 0)
    (grid_origin 191.262 126.492)
    (visible_elements FFFDFD7F)
    (pcbplotparams
      (layerselection 0x010fc_ffffffff)
      (usegerberextensions false)
      (usegerberattributes false)
      (usegerberadvancedattributes false)
      (creategerberjobfile false)
      (excludeedgelayer true)
      (linewidth 0.100000)
      (plotframeref false)
      (viasonmask false)
      (mode 1)
      (useauxorigin false)
      (hpglpennumber 1)
      (hpglpenspeed 20)
      (hpglpendiameter 15)
      (psnegative false)
      (psa4output false)
      (plotreference true)
      (plotvalue true)
      (plotinvisibletext false)
      (padsonsilk false)
      (subtractmaskfromsilk false)
      (outputformat 1)
      (mirror false)
      (drillshape 1)
      (scaleselection 1)
      (outputdirectory ""))
  )

  (net 0 "")
  (net 1 "Net-(BT1-Pad2)")
  (net 2 /SRN)
  (net 3 "Net-(BT2-Pad2)")
  (net 4 GNDD)
  (net 5 +15V)
  (net 6 "Net-(Cin1-Pad1)")
  (net 7 /SRP)
  (net 8 "Net-(C11-Pad1)")
  (net 9 +BATT)
  (net 10 "Net-(C1-Pad1)")
  (net 11 "Net-(D1-Pad1)")
  (net 12 "Net-(D3-Pad2)")
  (net 13 /VREF)
  (net 14 "Net-(C19-Pad2)")
  (net 15 "Net-(C20-Pad1)")
  (net 16 "Net-(R14-Pad1)")
  (net 17 "Net-(Q3-Pad2)")
  (net 18 +5V)
  (net 19 "Net-(R13-Pad1)")
  (net 20 "Net-(R12-Pad2)")
  (net 21 "Net-(R11-Pad2)")
  (net 22 GND)
  (net 23 "Net-(R8-Pad1)")
  (net 24 "Net-(R6-Pad2)")
  (net 25 "Net-(R4-Pad2)")
  (net 26 "Net-(R2-Pad2)")
  (net 27 "Net-(J2-Pad2)")
  (net 28 "Net-(C5-Pad1)")
  (net 29 "Net-(L2-Pad2)")
  (net 30 "Net-(D3-Pad1)")
  (net 31 "Net-(J1-Pad3)")
  (net 32 "Net-(C6-Pad2)")
  (net 33 "Net-(C16-Pad2)")
  (net 34 "Net-(C5-Pad2)")
  (net 35 "Net-(C3-Pad1)")

  (net_class Default "This is the default net class."
    (clearance 0.1524)
    (trace_width 0.1524)
    (via_dia 0.4572)
    (via_drill 0.1524)
    (uvia_dia 0.3)
    (uvia_drill 0.1)
    (add_net +15V)
    (add_net +5V)
    (add_net +BATT)
    (add_net /SRN)
    (add_net /SRP)
    (add_net /VREF)
    (add_net GND)
    (add_net GNDD)
    (add_net "Net-(BT1-Pad2)")
    (add_net "Net-(BT2-Pad2)")
    (add_net "Net-(C1-Pad1)")
    (add_net "Net-(C11-Pad1)")
    (add_net "Net-(C16-Pad2)")
    (add_net "Net-(C19-Pad2)")
    (add_net "Net-(C20-Pad1)")
    (add_net "Net-(C3-Pad1)")
    (add_net "Net-(C5-Pad1)")
    (add_net "Net-(C5-Pad2)")
    (add_net "Net-(C6-Pad2)")
    (add_net "Net-(Cin1-Pad1)")
    (add_net "Net-(D1-Pad1)")
    (add_net "Net-(D3-Pad1)")
    (add_net "Net-(D3-Pad2)")
    (add_net "Net-(J1-Pad3)")
    (add_net "Net-(J2-Pad2)")
    (add_net "Net-(L2-Pad2)")
    (add_net "Net-(Q3-Pad2)")
    (add_net "Net-(R11-Pad2)")
    (add_net "Net-(R12-Pad2)")
    (add_net "Net-(R13-Pad1)")
    (add_net "Net-(R14-Pad1)")
    (add_net "Net-(R2-Pad2)")
    (add_net "Net-(R4-Pad2)")
    (add_net "Net-(R6-Pad2)")
    (add_net "Net-(R8-Pad1)")
  )

  (net_class aaa ""
    (clearance 0.1524)
    (trace_width 0.4572)
    (via_dia 0.6096)
    (via_drill 0.3048)
    (uvia_dia 0.3)
    (uvia_drill 0.1)
  )

  (module iwasz:R-PVQFN-N24 (layer B.Cu) (tedit 5A6C75D8) (tstamp 5ADBBABE)
    (at 145.415 107.569 270)
    (path /5A676318)
    (fp_text reference U1 (at -0.025 3.775 270) (layer B.SilkS) hide
      (effects (font (size 0.508 0.508) (thickness 0.1016)) (justify mirror))
    )
    (fp_text value bq24133 (at 0.075 -4.35 270) (layer B.SilkS) hide
      (effects (font (size 0.508 0.508) (thickness 0.1016)) (justify mirror))
    )
    (fp_circle (center -3.025 1.495156) (end -2.825 1.245156) (layer B.SilkS) (width 0.15))
    (pad 25 thru_hole circle (at -1 -0.5 180) (size 0.6 0.6) (drill 0.3) (layers *.Cu *.Mask)
      (net 22 GND))
    (pad 25 thru_hole circle (at 0 -0.5 180) (size 0.6 0.6) (drill 0.3) (layers *.Cu *.Mask)
      (net 22 GND))
    (pad 25 thru_hole circle (at 1 -0.5 180) (size 0.6 0.6) (drill 0.3) (layers *.Cu *.Mask)
      (net 22 GND))
    (pad 25 thru_hole circle (at 1 0.5 180) (size 0.6 0.6) (drill 0.3) (layers *.Cu *.Mask)
      (net 22 GND))
    (pad 25 thru_hole circle (at 0 0.5 180) (size 0.6 0.6) (drill 0.3) (layers *.Cu *.Mask)
      (net 22 GND))
    (pad 25 thru_hole circle (at -1 0.5 180) (size 0.6 0.6) (drill 0.3) (layers *.Cu *.Mask)
      (net 22 GND))
    (pad 25 smd rect (at 0 0 90) (size 3.1 2.05) (layers B.Cu B.Paste B.Mask)
      (net 22 GND))
    (pad 12 smd rect (at 2.725 -0.75 180) (size 0.28 0.85) (layers B.Cu B.Paste B.Mask)
      (net 13 /VREF))
    (pad 13 smd rect (at 2.725 0.75 180) (size 0.28 0.85) (layers B.Cu B.Paste B.Mask)
      (net 26 "Net-(R2-Pad2)"))
    (pad 24 smd rect (at -2.725 0.75 180) (size 0.28 0.85) (layers B.Cu B.Paste B.Mask)
      (net 28 "Net-(C5-Pad1)"))
    (pad 1 smd rect (at -2.725 -0.75 180) (size 0.28 0.85) (layers B.Cu B.Paste B.Mask)
      (net 28 "Net-(C5-Pad1)"))
    (pad 11 smd rect (at 2.25 -1.725 270) (size 0.28 0.85) (layers B.Cu B.Paste B.Mask)
      (net 35 "Net-(C3-Pad1)"))
    (pad 10 smd rect (at 1.75 -1.725 270) (size 0.28 0.85) (layers B.Cu B.Paste B.Mask)
      (net 23 "Net-(R8-Pad1)"))
    (pad 9 smd rect (at 1.25 -1.725 270) (size 0.28 0.85) (layers B.Cu B.Paste B.Mask)
      (net 30 "Net-(D3-Pad1)"))
    (pad 8 smd rect (at 0.75 -1.725 270) (size 0.28 0.85) (layers B.Cu B.Paste B.Mask)
      (net 21 "Net-(R11-Pad2)"))
    (pad 7 smd rect (at 0.25 -1.725 270) (size 0.28 0.85) (layers B.Cu B.Paste B.Mask)
      (net 20 "Net-(R12-Pad2)"))
    (pad 6 smd rect (at -0.25 -1.725 270) (size 0.28 0.85) (layers B.Cu B.Paste B.Mask)
      (net 8 "Net-(C11-Pad1)"))
    (pad 5 smd rect (at -0.75 -1.725 270) (size 0.28 0.85) (layers B.Cu B.Paste B.Mask)
      (net 9 +BATT))
    (pad 4 smd rect (at -1.25 -1.725 270) (size 0.28 0.85) (layers B.Cu B.Paste B.Mask)
      (net 10 "Net-(C1-Pad1)"))
    (pad 3 smd rect (at -1.75 -1.725 270) (size 0.28 0.85) (layers B.Cu B.Paste B.Mask)
      (net 9 +BATT))
    (pad 2 smd rect (at -2.25 -1.725 270) (size 0.28 0.85) (layers B.Cu B.Paste B.Mask)
      (net 9 +BATT))
    (pad 14 smd rect (at 2.25 1.725 270) (size 0.28 0.85) (layers B.Cu B.Paste B.Mask)
      (net 27 "Net-(J2-Pad2)"))
    (pad 15 smd rect (at 1.75 1.725 270) (size 0.28 0.85) (layers B.Cu B.Paste B.Mask)
      (net 2 /SRN))
    (pad 16 smd rect (at 1.25 1.725 270) (size 0.28 0.85) (layers B.Cu B.Paste B.Mask)
      (net 7 /SRP))
    (pad 17 smd rect (at 0.75 1.725 270) (size 0.28 0.85) (layers B.Cu B.Paste B.Mask)
      (net 25 "Net-(R4-Pad2)"))
    (pad 18 smd rect (at 0.25 1.725 270) (size 0.28 0.85) (layers B.Cu B.Paste B.Mask)
      (net 24 "Net-(R6-Pad2)"))
    (pad 19 smd rect (at -0.25 1.725 270) (size 0.28 0.85) (layers B.Cu B.Paste B.Mask)
      (net 16 "Net-(R14-Pad1)"))
    (pad 20 smd rect (at -0.75 1.725 270) (size 0.28 0.85) (layers B.Cu B.Paste B.Mask)
      (net 32 "Net-(C6-Pad2)"))
    (pad 21 smd rect (at -1.25 1.725 270) (size 0.28 0.85) (layers B.Cu B.Paste B.Mask)
      (net 34 "Net-(C5-Pad2)"))
    (pad 22 smd rect (at -1.75 1.725 270) (size 0.28 0.85) (layers B.Cu B.Paste B.Mask)
      (net 4 GNDD))
    (pad 23 smd rect (at -2.25 1.725 270) (size 0.28 0.85) (layers B.Cu B.Paste B.Mask)
      (net 4 GNDD))
  )

  (module Jumper:SolderJumper-2_P1.3mm_Open_RoundedPad1.0x1.5mm (layer B.Cu) (tedit 5A3EAE8E) (tstamp 5ADBBE08)
    (at 128.524 88.392)
    (descr "SMD Solder Jumper, 1x1.5mm, rounded Pads, 0.3mm gap, open")
    (tags "solder jumper open")
    (path /5A702D6F)
    (attr virtual)
    (fp_text reference J6 (at 2.032 0 90) (layer B.SilkS)
      (effects (font (size 0.508 0.508) (thickness 0.1016)) (justify mirror))
    )
    (fp_text value opt (at 0 -1.9) (layer B.Fab)
      (effects (font (size 0.508 0.508) (thickness 0.1016)) (justify mirror))
    )
    (fp_arc (start 0.7 0.3) (end 1.4 0.3) (angle 90) (layer B.SilkS) (width 0.12))
    (fp_arc (start 0.7 -0.3) (end 0.7 -1) (angle 90) (layer B.SilkS) (width 0.12))
    (fp_arc (start -0.7 -0.3) (end -1.4 -0.3) (angle 90) (layer B.SilkS) (width 0.12))
    (fp_arc (start -0.7 0.3) (end -0.7 1) (angle 90) (layer B.SilkS) (width 0.12))
    (fp_line (start -1.4 -0.3) (end -1.4 0.3) (layer B.SilkS) (width 0.12))
    (fp_line (start 0.7 -1) (end -0.7 -1) (layer B.SilkS) (width 0.12))
    (fp_line (start 1.4 0.3) (end 1.4 -0.3) (layer B.SilkS) (width 0.12))
    (fp_line (start -0.7 1) (end 0.7 1) (layer B.SilkS) (width 0.12))
    (fp_line (start -1.65 1.25) (end 1.65 1.25) (layer B.CrtYd) (width 0.05))
    (fp_line (start -1.65 1.25) (end -1.65 -1.25) (layer B.CrtYd) (width 0.05))
    (fp_line (start 1.65 -1.25) (end 1.65 1.25) (layer B.CrtYd) (width 0.05))
    (fp_line (start 1.65 -1.25) (end -1.65 -1.25) (layer B.CrtYd) (width 0.05))
    (pad 2 smd roundrect (at 0.65 0) (size 1 1.5) (layers B.Cu B.Mask)(roundrect_rratio 0.5)
      (net 2 /SRN))
    (pad 1 smd roundrect (at -0.65 0) (size 1 1.5) (layers B.Cu B.Mask)(roundrect_rratio 0.5)
      (net 9 +BATT))
    (pad 1 smd rect (at -0.4 0) (size 0.5 1.5) (layers B.Cu B.Mask)
      (net 9 +BATT))
    (pad 2 smd rect (at 0.4 0) (size 0.5 1.5) (layers B.Cu B.Mask)
      (net 2 /SRN))
  )

  (module iwasz:BLM-BH18650-PC2 (layer F.Cu) (tedit 5A6F3F91) (tstamp 5A6DFCA1)
    (at 106.566856 75.681758)
    (descr "18650 Battery Holder")
    (tags "18650 Battery Holder")
    (path /5A7237F6)
    (fp_text reference BT1 (at 72.122144 -2.529758) (layer B.SilkS)
      (effects (font (size 0.508 0.508) (thickness 0.1016)) (justify mirror))
    )
    (fp_text value Battery_Cell (at 36 -0.8) (layer F.Fab)
      (effects (font (size 0.508 0.508) (thickness 0.1016)))
    )
    (fp_text user %R (at 36 -2.4) (layer F.Fab) hide
      (effects (font (size 0.508 0.508) (thickness 0.1016)))
    )
    (fp_line (start -3.2 -10.25) (end 75.2 -10.25) (layer F.CrtYd) (width 0.05))
    (fp_line (start 75.2 -10.25) (end 75.2 10.25) (layer F.CrtYd) (width 0.05))
    (fp_line (start 75.2 10.25) (end -3.2 10.25) (layer F.CrtYd) (width 0.05))
    (fp_line (start -3.2 10.25) (end -3.2 -10.25) (layer F.CrtYd) (width 0.05))
    (fp_line (start -2.8 -9.85) (end 74.8 -9.85) (layer F.Fab) (width 0.15))
    (fp_line (start 74.8 -9.85) (end 74.8 9.85) (layer F.Fab) (width 0.15))
    (fp_line (start 74.8 9.85) (end -2.8 9.85) (layer F.Fab) (width 0.15))
    (fp_line (start -2.8 9.85) (end -2.8 -9.85) (layer F.Fab) (width 0.15))
    (fp_line (start -3 -10.05) (end 75 -10.05) (layer F.SilkS) (width 0.15))
    (fp_line (start 75 -10.05) (end 75 10.05) (layer F.SilkS) (width 0.15))
    (fp_line (start 75 10.05) (end -3 10.05) (layer F.SilkS) (width 0.15))
    (fp_line (start -3 10.05) (end -3 -10.05) (layer F.SilkS) (width 0.15))
    (pad "" thru_hole circle (at 64 0) (size 4 4) (drill 3) (layers *.Cu *.Mask))
    (pad "" thru_hole circle (at 8 0) (size 4 4) (drill 3) (layers *.Cu *.Mask))
    (pad 1 thru_hole rect (at 0 0) (size 3.5 3.5) (drill 2) (layers *.Cu *.Mask)
      (net 2 /SRN))
    (pad 2 thru_hole circle (at 72 0) (size 3.5 3.5) (drill 2) (layers *.Cu *.Mask)
      (net 1 "Net-(BT1-Pad2)"))
    (model ${KISYS3DMOD}/Battery.3dshapes/BLM-BH18650-PC2.wrl
      (at (xyz 0 0 0))
      (scale (xyz 1 1 1))
      (rotate (xyz 0 0 0))
    )
  )

  (module iwasz:BLM-BH18650-PC2 (layer F.Cu) (tedit 5A6B3BB0) (tstamp 5A6F2623)
    (at 106.566856 117.266759)
    (descr "18650 Battery Holder")
    (tags "18650 Battery Holder")
    (path /5A72394C)
    (fp_text reference BT3 (at 72.122144 2.621241) (layer B.SilkS)
      (effects (font (size 0.508 0.508) (thickness 0.1016)) (justify mirror))
    )
    (fp_text value Battery_Cell (at 36 -0.8) (layer F.Fab)
      (effects (font (size 0.508 0.508) (thickness 0.1016)))
    )
    (fp_text user %R (at 36 -2.4) (layer F.Fab)
      (effects (font (size 0.508 0.508) (thickness 0.1016)))
    )
    (fp_line (start -3.2 -10.25) (end 75.2 -10.25) (layer F.CrtYd) (width 0.05))
    (fp_line (start 75.2 -10.25) (end 75.2 10.25) (layer F.CrtYd) (width 0.05))
    (fp_line (start 75.2 10.25) (end -3.2 10.25) (layer F.CrtYd) (width 0.05))
    (fp_line (start -3.2 10.25) (end -3.2 -10.25) (layer F.CrtYd) (width 0.05))
    (fp_line (start -2.8 -9.85) (end 74.8 -9.85) (layer F.Fab) (width 0.15))
    (fp_line (start 74.8 -9.85) (end 74.8 9.85) (layer F.Fab) (width 0.15))
    (fp_line (start 74.8 9.85) (end -2.8 9.85) (layer F.Fab) (width 0.15))
    (fp_line (start -2.8 9.85) (end -2.8 -9.85) (layer F.Fab) (width 0.15))
    (fp_line (start -3 -10.05) (end 75 -10.05) (layer F.SilkS) (width 0.15))
    (fp_line (start 75 -10.05) (end 75 10.05) (layer F.SilkS) (width 0.15))
    (fp_line (start 75 10.05) (end -3 10.05) (layer F.SilkS) (width 0.15))
    (fp_line (start -3 10.05) (end -3 -10.05) (layer F.SilkS) (width 0.15))
    (pad "" thru_hole circle (at 64 0) (size 4 4) (drill 3) (layers *.Cu *.Mask))
    (pad "" thru_hole circle (at 8 0) (size 4 4) (drill 3) (layers *.Cu *.Mask))
    (pad 1 thru_hole rect (at 0 0) (size 3.5 3.5) (drill 2) (layers *.Cu *.Mask)
      (net 3 "Net-(BT2-Pad2)"))
    (pad 2 thru_hole circle (at 72 0) (size 3.5 3.5) (drill 2) (layers *.Cu *.Mask)
      (net 4 GNDD))
    (model ${KISYS3DMOD}/Battery.3dshapes/BLM-BH18650-PC2.wrl
      (at (xyz 0 0 0))
      (scale (xyz 1 1 1))
      (rotate (xyz 0 0 0))
    )
  )

  (module iwasz:BLM-BH18650-PC2 (layer F.Cu) (tedit 5A6F3F8B) (tstamp 5ABD30A9)
    (at 178.579855 96.509758 180)
    (descr "18650 Battery Holder")
    (tags "18650 Battery Holder")
    (path /5A7238C8)
    (fp_text reference BT2 (at -0.109145 -2.550242 180) (layer B.SilkS)
      (effects (font (size 0.508 0.508) (thickness 0.1016)) (justify mirror))
    )
    (fp_text value Battery_Cell (at 36 -0.8 180) (layer F.Fab)
      (effects (font (size 0.508 0.508) (thickness 0.1016)))
    )
    (fp_text user %R (at 36 -2.4 180) (layer F.Fab) hide
      (effects (font (size 0.508 0.508) (thickness 0.1016)))
    )
    (fp_line (start -3.2 -10.25) (end 75.2 -10.25) (layer F.CrtYd) (width 0.05))
    (fp_line (start 75.2 -10.25) (end 75.2 10.25) (layer F.CrtYd) (width 0.05))
    (fp_line (start 75.2 10.25) (end -3.2 10.25) (layer F.CrtYd) (width 0.05))
    (fp_line (start -3.2 10.25) (end -3.2 -10.25) (layer F.CrtYd) (width 0.05))
    (fp_line (start -2.8 -9.85) (end 74.8 -9.85) (layer F.Fab) (width 0.15))
    (fp_line (start 74.8 -9.85) (end 74.8 9.85) (layer F.Fab) (width 0.15))
    (fp_line (start 74.8 9.85) (end -2.8 9.85) (layer F.Fab) (width 0.15))
    (fp_line (start -2.8 9.85) (end -2.8 -9.85) (layer F.Fab) (width 0.15))
    (fp_line (start -3 -10.05) (end 75 -10.05) (layer F.SilkS) (width 0.15))
    (fp_line (start 75 -10.05) (end 75 10.05) (layer F.SilkS) (width 0.15))
    (fp_line (start 75 10.05) (end -3 10.05) (layer F.SilkS) (width 0.15))
    (fp_line (start -3 10.05) (end -3 -10.05) (layer F.SilkS) (width 0.15))
    (pad "" thru_hole circle (at 64 0 180) (size 4 4) (drill 3) (layers *.Cu *.Mask))
    (pad "" thru_hole circle (at 8 0 180) (size 4 4) (drill 3) (layers *.Cu *.Mask))
    (pad 1 thru_hole rect (at 0 0 180) (size 3.5 3.5) (drill 2) (layers *.Cu *.Mask)
      (net 1 "Net-(BT1-Pad2)"))
    (pad 2 thru_hole circle (at 72 0 180) (size 3.5 3.5) (drill 2) (layers *.Cu *.Mask)
      (net 3 "Net-(BT2-Pad2)"))
    (model ${KISYS3DMOD}/Battery.3dshapes/BLM-BH18650-PC2.wrl
      (at (xyz 0 0 0))
      (scale (xyz 1 1 1))
      (rotate (xyz 0 0 0))
    )
  )

  (module Package_DFN_QFN:QFN-16-1EP_3x3mm_P0.5mm_EP2.7x2.7mm_ThermalVias (layer B.Cu) (tedit 5A650620) (tstamp 5AD171E5)
    (at 120.251059 93.936338)
    (descr "16-Lead Plastic Quad Flat, No Lead Package (NG) - 3x3x0.9 mm Body [QFN]; (see Microchip Packaging Specification 00000049BS.pdf)")
    (tags "QFN 0.5")
    (path /5A68BC23)
    (attr smd)
    (fp_text reference U2 (at 1.541941 2.710662) (layer B.SilkS)
      (effects (font (size 0.508 0.508) (thickness 0.1016)) (justify mirror))
    )
    (fp_text value TPS62143 (at 0 -2.85) (layer B.Fab)
      (effects (font (size 0.508 0.508) (thickness 0.1016)) (justify mirror))
    )
    (fp_text user %R (at 0 0) (layer B.Fab)
      (effects (font (size 0.508 0.508) (thickness 0.1016)) (justify mirror))
    )
    (fp_line (start -0.5 1.5) (end 1.5 1.5) (layer B.Fab) (width 0.15))
    (fp_line (start 1.5 1.5) (end 1.5 -1.5) (layer B.Fab) (width 0.15))
    (fp_line (start 1.5 -1.5) (end -1.5 -1.5) (layer B.Fab) (width 0.15))
    (fp_line (start -1.5 -1.5) (end -1.5 0.5) (layer B.Fab) (width 0.15))
    (fp_line (start -1.5 0.5) (end -0.5 1.5) (layer B.Fab) (width 0.15))
    (fp_line (start -2.1 2.1) (end -2.1 -2.1) (layer B.CrtYd) (width 0.05))
    (fp_line (start 2.1 2.1) (end 2.1 -2.1) (layer B.CrtYd) (width 0.05))
    (fp_line (start -2.1 2.1) (end 2.1 2.1) (layer B.CrtYd) (width 0.05))
    (fp_line (start -2.1 -2.1) (end 2.1 -2.1) (layer B.CrtYd) (width 0.05))
    (fp_line (start 1.625 1.625) (end 1.625 1.125) (layer B.SilkS) (width 0.15))
    (fp_line (start -1.625 -1.625) (end -1.625 -1.125) (layer B.SilkS) (width 0.15))
    (fp_line (start 1.625 -1.625) (end 1.625 -1.125) (layer B.SilkS) (width 0.15))
    (fp_line (start -1.625 1.625) (end -1.125 1.625) (layer B.SilkS) (width 0.15))
    (fp_line (start -1.625 -1.625) (end -1.125 -1.625) (layer B.SilkS) (width 0.15))
    (fp_line (start 1.625 -1.625) (end 1.125 -1.625) (layer B.SilkS) (width 0.15))
    (fp_line (start 1.625 1.625) (end 1.125 1.625) (layer B.SilkS) (width 0.15))
    (pad 1 smd oval (at -1.475 0.75) (size 0.75 0.3) (layers B.Cu B.Paste B.Mask)
      (net 29 "Net-(L2-Pad2)"))
    (pad 2 smd oval (at -1.475 0.25) (size 0.75 0.3) (layers B.Cu B.Paste B.Mask)
      (net 29 "Net-(L2-Pad2)"))
    (pad 3 smd oval (at -1.475 -0.25) (size 0.75 0.3) (layers B.Cu B.Paste B.Mask)
      (net 29 "Net-(L2-Pad2)"))
    (pad 4 smd oval (at -1.475 -0.75) (size 0.75 0.3) (layers B.Cu B.Paste B.Mask)
      (net 19 "Net-(R13-Pad1)"))
    (pad 5 smd oval (at -0.75 -1.475 270) (size 0.75 0.3) (layers B.Cu B.Paste B.Mask)
      (net 4 GNDD))
    (pad 6 smd oval (at -0.25 -1.475 270) (size 0.75 0.3) (layers B.Cu B.Paste B.Mask)
      (net 4 GNDD))
    (pad 7 smd oval (at 0.25 -1.475 270) (size 0.75 0.3) (layers B.Cu B.Paste B.Mask)
      (net 4 GNDD))
    (pad 8 smd oval (at 0.75 -1.475 270) (size 0.75 0.3) (layers B.Cu B.Paste B.Mask)
      (net 4 GNDD))
    (pad 9 smd oval (at 1.475 -0.75) (size 0.75 0.3) (layers B.Cu B.Paste B.Mask)
      (net 33 "Net-(C16-Pad2)"))
    (pad 10 smd oval (at 1.475 -0.25) (size 0.75 0.3) (layers B.Cu B.Paste B.Mask)
      (net 9 +BATT))
    (pad 11 smd oval (at 1.475 0.25) (size 0.75 0.3) (layers B.Cu B.Paste B.Mask)
      (net 9 +BATT))
    (pad 12 smd oval (at 1.475 0.75) (size 0.75 0.3) (layers B.Cu B.Paste B.Mask)
      (net 9 +BATT))
    (pad 13 smd oval (at 0.75 1.475 270) (size 0.75 0.3) (layers B.Cu B.Paste B.Mask)
      (net 9 +BATT))
    (pad 14 smd oval (at 0.25 1.475 270) (size 0.75 0.3) (layers B.Cu B.Paste B.Mask)
      (net 18 +5V))
    (pad 15 smd oval (at -0.25 1.475 270) (size 0.75 0.3) (layers B.Cu B.Paste B.Mask)
      (net 4 GNDD))
    (pad 16 smd oval (at -0.75 1.475 270) (size 0.75 0.3) (layers B.Cu B.Paste B.Mask)
      (net 4 GNDD))
    (pad 17 smd rect (at 0 0) (size 1.8 1.8) (layers F.Cu)
      (net 4 GNDD))
    (pad "" smd rect (at 0.5 0.5) (size 0.73 0.73) (layers B.Paste))
    (pad 17 smd rect (at 0 0) (size 1.8 1.8) (layers B.Cu B.Mask)
      (net 4 GNDD))
    (pad 17 thru_hole circle (at 0 0) (size 0.6 0.6) (drill 0.3) (layers *.Cu)
      (net 4 GNDD))
    (pad 17 thru_hole circle (at -0.5 0.5) (size 0.6 0.6) (drill 0.3) (layers *.Cu)
      (net 4 GNDD))
    (pad 17 thru_hole circle (at 0.5 0.5) (size 0.6 0.6) (drill 0.3) (layers *.Cu)
      (net 4 GNDD))
    (pad 17 thru_hole circle (at 0.5 -0.5) (size 0.6 0.6) (drill 0.3) (layers *.Cu)
      (net 4 GNDD))
    (pad 17 thru_hole circle (at -0.5 -0.5) (size 0.6 0.6) (drill 0.3) (layers *.Cu)
      (net 4 GNDD))
    (pad "" smd rect (at -0.5 0.5) (size 0.73 0.73) (layers B.Paste))
    (pad "" smd rect (at -0.5 -0.5) (size 0.73 0.73) (layers B.Paste))
    (pad "" smd rect (at 0.5 -0.5) (size 0.73 0.73) (layers B.Paste))
    (model ${KISYS3DMOD}/Package_DFN_QFN.3dshapes/QFN-16-1EP_3x3mm_P0.5mm_EP2.7x2.7mm_ThermalVias.wrl
      (at (xyz 0 0 0))
      (scale (xyz 1 1 1))
      (rotate (xyz 0 0 0))
    )
  )

  (module iwasz:TSOT-23-6-POWER_MOSFET (layer B.Cu) (tedit 5A6B3AE7) (tstamp 5AD138F9)
    (at 128.524 92.329 90)
    (descr "6-pin TSOT23 package, http://cds.linear.com/docs/en/packaging/SOT_6_05-08-1636.pdf")
    (tags "TSOT-23-6 MK06A TSOT-6")
    (path /5A6FAC19)
    (attr smd)
    (fp_text reference Q3 (at 0 2.45 90) (layer B.SilkS)
      (effects (font (size 0.508 0.508) (thickness 0.1016)) (justify mirror))
    )
    (fp_text value CPH6350-TL-W (at 0 -2.5 90) (layer B.Fab)
      (effects (font (size 0.508 0.508) (thickness 0.1016)) (justify mirror))
    )
    (fp_text user %R (at 0 0) (layer B.Fab)
      (effects (font (size 0.508 0.508) (thickness 0.1016)) (justify mirror))
    )
    (fp_line (start -0.88 -1.56) (end 0.88 -1.56) (layer B.SilkS) (width 0.12))
    (fp_line (start 0.88 1.51) (end -1.55 1.51) (layer B.SilkS) (width 0.12))
    (fp_line (start -0.88 1) (end -0.43 1.45) (layer B.Fab) (width 0.1))
    (fp_line (start 0.88 1.45) (end -0.43 1.45) (layer B.Fab) (width 0.1))
    (fp_line (start -0.88 1) (end -0.88 -1.45) (layer B.Fab) (width 0.1))
    (fp_line (start 0.88 -1.45) (end -0.88 -1.45) (layer B.Fab) (width 0.1))
    (fp_line (start 0.88 1.45) (end 0.88 -1.45) (layer B.Fab) (width 0.1))
    (fp_line (start -2.17 1.7) (end 2.17 1.7) (layer B.CrtYd) (width 0.05))
    (fp_line (start -2.17 1.7) (end -2.17 -1.7) (layer B.CrtYd) (width 0.05))
    (fp_line (start 2.17 -1.7) (end 2.17 1.7) (layer B.CrtYd) (width 0.05))
    (fp_line (start 2.17 -1.7) (end -2.17 -1.7) (layer B.CrtYd) (width 0.05))
    (pad 1 smd rect (at -1.31 0.95 90) (size 1.22 0.65) (layers B.Cu B.Paste B.Mask)
      (net 2 /SRN))
    (pad 1 smd rect (at -1.31 0 90) (size 1.22 0.65) (layers B.Cu B.Paste B.Mask)
      (net 2 /SRN))
    (pad 2 smd rect (at -1.31 -0.95 90) (size 1.22 0.65) (layers B.Cu B.Paste B.Mask)
      (net 17 "Net-(Q3-Pad2)"))
    (pad 3 smd rect (at 1.31 -0.95 90) (size 1.22 0.65) (layers B.Cu B.Paste B.Mask)
      (net 9 +BATT))
    (pad 1 smd rect (at 1.31 0 90) (size 1.22 0.65) (layers B.Cu B.Paste B.Mask)
      (net 2 /SRN))
    (pad 1 smd rect (at 1.31 0.95 90) (size 1.22 0.65) (layers B.Cu B.Paste B.Mask)
      (net 2 /SRN))
    (model ${KISYS3DMOD}/Package_TO_SOT_SMD.3dshapes/TSOT-23-6.wrl
      (at (xyz 0 0 0))
      (scale (xyz 1 1 1))
      (rotate (xyz 0 0 0))
    )
  )

  (module iwasz:TSOP-6_1.65x3.05mm_P0.95mm-BSLMOSFET (layer B.Cu) (tedit 5A6B39A9) (tstamp 5AC744E9)
    (at 161.29 104.394 180)
    (descr "TSOP-6 package (comparable to TSOT-23), https://www.vishay.com/docs/71200/71200.pdf")
    (tags "Jedec MO-193C TSOP-6L")
    (path /5A6957AC)
    (attr smd)
    (fp_text reference Q1 (at 0 2.45 180) (layer B.SilkS)
      (effects (font (size 0.508 0.508) (thickness 0.1016)) (justify mirror))
    )
    (fp_text value BSL302SNH6327XTSA1 (at 0 -2.5 180) (layer B.Fab)
      (effects (font (size 0.508 0.508) (thickness 0.1016)) (justify mirror))
    )
    (fp_text user %R (at 0.02881 0 90) (layer B.Fab)
      (effects (font (size 0.508 0.508) (thickness 0.1016)) (justify mirror))
    )
    (fp_line (start -0.8 -1.6) (end 0.8 -1.6) (layer B.SilkS) (width 0.12))
    (fp_line (start 0.8 1.6) (end -1.5 1.6) (layer B.SilkS) (width 0.12))
    (fp_line (start -0.825 1.1) (end -0.425 1.525) (layer B.Fab) (width 0.1))
    (fp_line (start 0.825 1.525) (end -0.425 1.525) (layer B.Fab) (width 0.1))
    (fp_line (start -0.825 1.1) (end -0.825 -1.525) (layer B.Fab) (width 0.1))
    (fp_line (start 0.825 -1.525) (end -0.825 -1.525) (layer B.Fab) (width 0.1))
    (fp_line (start 0.825 1.525) (end 0.825 -1.525) (layer B.Fab) (width 0.1))
    (fp_line (start -1.76 1.78) (end 1.76 1.78) (layer B.CrtYd) (width 0.05))
    (fp_line (start -1.76 1.78) (end -1.76 -1.77) (layer B.CrtYd) (width 0.05))
    (fp_line (start 1.76 -1.77) (end 1.76 1.78) (layer B.CrtYd) (width 0.05))
    (fp_line (start 1.76 -1.77) (end -1.76 -1.77) (layer B.CrtYd) (width 0.05))
    (pad 1 smd rect (at -1.16 0.95 180) (size 0.7 0.51) (layers B.Cu B.Paste B.Mask)
      (net 5 +15V))
    (pad 1 smd rect (at -1.16 0 180) (size 0.7 0.51) (layers B.Cu B.Paste B.Mask)
      (net 5 +15V))
    (pad 2 smd rect (at -1.16 -0.95 180) (size 0.7 0.51) (layers B.Cu B.Paste B.Mask)
      (net 14 "Net-(C19-Pad2)"))
    (pad 3 smd rect (at 1.16 -0.95 180) (size 0.7 0.51) (layers B.Cu B.Paste B.Mask)
      (net 15 "Net-(C20-Pad1)"))
    (pad 1 smd rect (at 1.16 0 180) (size 0.7 0.51) (layers B.Cu B.Paste B.Mask)
      (net 5 +15V))
    (pad 1 smd rect (at 1.16 0.95 180) (size 0.7 0.51) (layers B.Cu B.Paste B.Mask)
      (net 5 +15V))
    (model ${KISYS3DMOD}/Package_SSOP.3dshapes/TSOP-6_1.65x3.05mm_P0.95mm.wrl
      (at (xyz 0 0 0))
      (scale (xyz 1 1 1))
      (rotate (xyz 0 0 0))
    )
  )

  (module iwasz:TSOP-6_1.65x3.05mm_P0.95mm-BSLMOSFET (layer B.Cu) (tedit 5A6B39A9) (tstamp 5AC744D4)
    (at 161.29 112.649 180)
    (descr "TSOP-6 package (comparable to TSOT-23), https://www.vishay.com/docs/71200/71200.pdf")
    (tags "Jedec MO-193C TSOP-6L")
    (path /5A696FCD)
    (attr smd)
    (fp_text reference Q2 (at 2.159 -1.016 270) (layer B.SilkS)
      (effects (font (size 0.508 0.508) (thickness 0.1016)) (justify mirror))
    )
    (fp_text value BSL302SNH6327XTSA1 (at 0 -2.5 180) (layer B.Fab)
      (effects (font (size 0.508 0.508) (thickness 0.1016)) (justify mirror))
    )
    (fp_line (start 1.76 -1.77) (end -1.76 -1.77) (layer B.CrtYd) (width 0.05))
    (fp_line (start 1.76 -1.77) (end 1.76 1.78) (layer B.CrtYd) (width 0.05))
    (fp_line (start -1.76 1.78) (end -1.76 -1.77) (layer B.CrtYd) (width 0.05))
    (fp_line (start -1.76 1.78) (end 1.76 1.78) (layer B.CrtYd) (width 0.05))
    (fp_line (start 0.825 1.525) (end 0.825 -1.525) (layer B.Fab) (width 0.1))
    (fp_line (start 0.825 -1.525) (end -0.825 -1.525) (layer B.Fab) (width 0.1))
    (fp_line (start -0.825 1.1) (end -0.825 -1.525) (layer B.Fab) (width 0.1))
    (fp_line (start 0.825 1.525) (end -0.425 1.525) (layer B.Fab) (width 0.1))
    (fp_line (start -0.825 1.1) (end -0.425 1.525) (layer B.Fab) (width 0.1))
    (fp_line (start 0.8 1.6) (end -1.5 1.6) (layer B.SilkS) (width 0.12))
    (fp_line (start -0.8 -1.6) (end 0.8 -1.6) (layer B.SilkS) (width 0.12))
    (fp_text user %R (at 0.02881 0 90) (layer B.Fab)
      (effects (font (size 0.508 0.508) (thickness 0.1016)) (justify mirror))
    )
    (pad 1 smd rect (at 1.16 0.95 180) (size 0.7 0.51) (layers B.Cu B.Paste B.Mask)
      (net 8 "Net-(C11-Pad1)"))
    (pad 1 smd rect (at 1.16 0 180) (size 0.7 0.51) (layers B.Cu B.Paste B.Mask)
      (net 8 "Net-(C11-Pad1)"))
    (pad 3 smd rect (at 1.16 -0.95 180) (size 0.7 0.51) (layers B.Cu B.Paste B.Mask)
      (net 15 "Net-(C20-Pad1)"))
    (pad 2 smd rect (at -1.16 -0.95 180) (size 0.7 0.51) (layers B.Cu B.Paste B.Mask)
      (net 14 "Net-(C19-Pad2)"))
    (pad 1 smd rect (at -1.16 0 180) (size 0.7 0.51) (layers B.Cu B.Paste B.Mask)
      (net 8 "Net-(C11-Pad1)"))
    (pad 1 smd rect (at -1.16 0.95 180) (size 0.7 0.51) (layers B.Cu B.Paste B.Mask)
      (net 8 "Net-(C11-Pad1)"))
    (model ${KISYS3DMOD}/Package_SSOP.3dshapes/TSOP-6_1.65x3.05mm_P0.95mm.wrl
      (at (xyz 0 0 0))
      (scale (xyz 1 1 1))
      (rotate (xyz 0 0 0))
    )
  )

  (module Capacitor_SMD:C_0603_1608Metric (layer B.Cu) (tedit 59FE48B8) (tstamp 5ABD34B4)
    (at 161.29 99.949 180)
    (descr "Capacitor SMD 0603 (1608 Metric), square (rectangular) end terminal, IPC_7351 nominal, (Body size source: http://www.tortai-tech.com/upload/download/2011102023233369053.pdf), generated with kicad-footprint-generator")
    (tags capacitor)
    (path /5A6B959D)
    (attr smd)
    (fp_text reference C19 (at -2.286 0 180) (layer B.SilkS)
      (effects (font (size 0.508 0.508) (thickness 0.1016)) (justify mirror))
    )
    (fp_text value 4.7nF (at 0 -1.65 180) (layer B.Fab)
      (effects (font (size 0.508 0.508) (thickness 0.1016)) (justify mirror))
    )
    (fp_text user %R (at 0 0 180) (layer B.Fab)
      (effects (font (size 0.508 0.508) (thickness 0.1016)) (justify mirror))
    )
    (fp_line (start 1.46 -0.75) (end -1.46 -0.75) (layer B.CrtYd) (width 0.05))
    (fp_line (start 1.46 0.75) (end 1.46 -0.75) (layer B.CrtYd) (width 0.05))
    (fp_line (start -1.46 0.75) (end 1.46 0.75) (layer B.CrtYd) (width 0.05))
    (fp_line (start -1.46 -0.75) (end -1.46 0.75) (layer B.CrtYd) (width 0.05))
    (fp_line (start -0.22 -0.51) (end 0.22 -0.51) (layer B.SilkS) (width 0.12))
    (fp_line (start -0.22 0.51) (end 0.22 0.51) (layer B.SilkS) (width 0.12))
    (fp_line (start 0.8 -0.4) (end -0.8 -0.4) (layer B.Fab) (width 0.1))
    (fp_line (start 0.8 0.4) (end 0.8 -0.4) (layer B.Fab) (width 0.1))
    (fp_line (start -0.8 0.4) (end 0.8 0.4) (layer B.Fab) (width 0.1))
    (fp_line (start -0.8 -0.4) (end -0.8 0.4) (layer B.Fab) (width 0.1))
    (pad 2 smd rect (at 0.875 0 180) (size 0.67 1) (layers B.Cu B.Paste B.Mask)
      (net 14 "Net-(C19-Pad2)"))
    (pad 1 smd rect (at -0.875 0 180) (size 0.67 1) (layers B.Cu B.Paste B.Mask)
      (net 5 +15V))
    (model ${KISYS3DMOD}/Capacitor_SMD.3dshapes/C_0603_1608Metric.wrl
      (at (xyz 0 0 0))
      (scale (xyz 1 1 1))
      (rotate (xyz 0 0 0))
    )
  )

  (module Capacitor_SMD:C_0603_1608Metric (layer B.Cu) (tedit 59FE48B8) (tstamp 5ABD34A3)
    (at 145.542 115.57 180)
    (descr "Capacitor SMD 0603 (1608 Metric), square (rectangular) end terminal, IPC_7351 nominal, (Body size source: http://www.tortai-tech.com/upload/download/2011102023233369053.pdf), generated with kicad-footprint-generator")
    (tags capacitor)
    (path /5A67A606)
    (attr smd)
    (fp_text reference C3 (at -2.032 0 270) (layer B.SilkS)
      (effects (font (size 0.508 0.508) (thickness 0.1016)) (justify mirror))
    )
    (fp_text value 100nF (at 0 -1.65 180) (layer B.Fab)
      (effects (font (size 0.508 0.508) (thickness 0.1016)) (justify mirror))
    )
    (fp_line (start -0.8 -0.4) (end -0.8 0.4) (layer B.Fab) (width 0.1))
    (fp_line (start -0.8 0.4) (end 0.8 0.4) (layer B.Fab) (width 0.1))
    (fp_line (start 0.8 0.4) (end 0.8 -0.4) (layer B.Fab) (width 0.1))
    (fp_line (start 0.8 -0.4) (end -0.8 -0.4) (layer B.Fab) (width 0.1))
    (fp_line (start -0.22 0.51) (end 0.22 0.51) (layer B.SilkS) (width 0.12))
    (fp_line (start -0.22 -0.51) (end 0.22 -0.51) (layer B.SilkS) (width 0.12))
    (fp_line (start -1.46 -0.75) (end -1.46 0.75) (layer B.CrtYd) (width 0.05))
    (fp_line (start -1.46 0.75) (end 1.46 0.75) (layer B.CrtYd) (width 0.05))
    (fp_line (start 1.46 0.75) (end 1.46 -0.75) (layer B.CrtYd) (width 0.05))
    (fp_line (start 1.46 -0.75) (end -1.46 -0.75) (layer B.CrtYd) (width 0.05))
    (fp_text user %R (at 0 0 180) (layer B.Fab)
      (effects (font (size 0.508 0.508) (thickness 0.1016)) (justify mirror))
    )
    (pad 1 smd rect (at -0.875 0 180) (size 0.67 1) (layers B.Cu B.Paste B.Mask)
      (net 35 "Net-(C3-Pad1)"))
    (pad 2 smd rect (at 0.875 0 180) (size 0.67 1) (layers B.Cu B.Paste B.Mask)
      (net 22 GND))
    (model ${KISYS3DMOD}/Capacitor_SMD.3dshapes/C_0603_1608Metric.wrl
      (at (xyz 0 0 0))
      (scale (xyz 1 1 1))
      (rotate (xyz 0 0 0))
    )
  )

  (module Capacitor_SMD:C_0603_1608Metric (layer B.Cu) (tedit 59FE48B8) (tstamp 5ABD3492)
    (at 136.398 104.14 270)
    (descr "Capacitor SMD 0603 (1608 Metric), square (rectangular) end terminal, IPC_7351 nominal, (Body size source: http://www.tortai-tech.com/upload/download/2011102023233369053.pdf), generated with kicad-footprint-generator")
    (tags capacitor)
    (path /5A73B372)
    (attr smd)
    (fp_text reference C5 (at 0 1.143 270) (layer B.SilkS)
      (effects (font (size 0.508 0.508) (thickness 0.1016)) (justify mirror))
    )
    (fp_text value 47nF (at 0 -1.65 270) (layer B.Fab)
      (effects (font (size 0.508 0.508) (thickness 0.1016)) (justify mirror))
    )
    (fp_text user %R (at 0 0 270) (layer B.Fab)
      (effects (font (size 0.508 0.508) (thickness 0.1016)) (justify mirror))
    )
    (fp_line (start 1.46 -0.75) (end -1.46 -0.75) (layer B.CrtYd) (width 0.05))
    (fp_line (start 1.46 0.75) (end 1.46 -0.75) (layer B.CrtYd) (width 0.05))
    (fp_line (start -1.46 0.75) (end 1.46 0.75) (layer B.CrtYd) (width 0.05))
    (fp_line (start -1.46 -0.75) (end -1.46 0.75) (layer B.CrtYd) (width 0.05))
    (fp_line (start -0.22 -0.51) (end 0.22 -0.51) (layer B.SilkS) (width 0.12))
    (fp_line (start -0.22 0.51) (end 0.22 0.51) (layer B.SilkS) (width 0.12))
    (fp_line (start 0.8 -0.4) (end -0.8 -0.4) (layer B.Fab) (width 0.1))
    (fp_line (start 0.8 0.4) (end 0.8 -0.4) (layer B.Fab) (width 0.1))
    (fp_line (start -0.8 0.4) (end 0.8 0.4) (layer B.Fab) (width 0.1))
    (fp_line (start -0.8 -0.4) (end -0.8 0.4) (layer B.Fab) (width 0.1))
    (pad 2 smd rect (at 0.875 0 270) (size 0.67 1) (layers B.Cu B.Paste B.Mask)
      (net 34 "Net-(C5-Pad2)"))
    (pad 1 smd rect (at -0.875 0 270) (size 0.67 1) (layers B.Cu B.Paste B.Mask)
      (net 28 "Net-(C5-Pad1)"))
    (model ${KISYS3DMOD}/Capacitor_SMD.3dshapes/C_0603_1608Metric.wrl
      (at (xyz 0 0 0))
      (scale (xyz 1 1 1))
      (rotate (xyz 0 0 0))
    )
  )

  (module Capacitor_SMD:C_0603_1608Metric (layer B.Cu) (tedit 59FE48B8) (tstamp 5A6DADA9)
    (at 139.954 109.347 90)
    (descr "Capacitor SMD 0603 (1608 Metric), square (rectangular) end terminal, IPC_7351 nominal, (Body size source: http://www.tortai-tech.com/upload/download/2011102023233369053.pdf), generated with kicad-footprint-generator")
    (tags capacitor)
    (path /5A769B35)
    (attr smd)
    (fp_text reference C7 (at -1.905 0.127 180) (layer B.SilkS)
      (effects (font (size 0.508 0.508) (thickness 0.1016)) (justify mirror))
    )
    (fp_text value 100nF (at 0 -1.65 90) (layer B.Fab)
      (effects (font (size 0.508 0.508) (thickness 0.1016)) (justify mirror))
    )
    (fp_line (start -0.8 -0.4) (end -0.8 0.4) (layer B.Fab) (width 0.1))
    (fp_line (start -0.8 0.4) (end 0.8 0.4) (layer B.Fab) (width 0.1))
    (fp_line (start 0.8 0.4) (end 0.8 -0.4) (layer B.Fab) (width 0.1))
    (fp_line (start 0.8 -0.4) (end -0.8 -0.4) (layer B.Fab) (width 0.1))
    (fp_line (start -0.22 0.51) (end 0.22 0.51) (layer B.SilkS) (width 0.12))
    (fp_line (start -0.22 -0.51) (end 0.22 -0.51) (layer B.SilkS) (width 0.12))
    (fp_line (start -1.46 -0.75) (end -1.46 0.75) (layer B.CrtYd) (width 0.05))
    (fp_line (start -1.46 0.75) (end 1.46 0.75) (layer B.CrtYd) (width 0.05))
    (fp_line (start 1.46 0.75) (end 1.46 -0.75) (layer B.CrtYd) (width 0.05))
    (fp_line (start 1.46 -0.75) (end -1.46 -0.75) (layer B.CrtYd) (width 0.05))
    (fp_text user %R (at 0 0 90) (layer B.Fab)
      (effects (font (size 0.508 0.508) (thickness 0.1016)) (justify mirror))
    )
    (pad 1 smd rect (at -0.875 0 90) (size 0.67 1) (layers B.Cu B.Paste B.Mask)
      (net 22 GND))
    (pad 2 smd rect (at 0.875 0 90) (size 0.67 1) (layers B.Cu B.Paste B.Mask)
      (net 7 /SRP))
    (model ${KISYS3DMOD}/Capacitor_SMD.3dshapes/C_0603_1608Metric.wrl
      (at (xyz 0 0 0))
      (scale (xyz 1 1 1))
      (rotate (xyz 0 0 0))
    )
  )

  (module Capacitor_SMD:C_0603_1608Metric (layer B.Cu) (tedit 59FE48B8) (tstamp 5ABD3470)
    (at 141.732 109.347 270)
    (descr "Capacitor SMD 0603 (1608 Metric), square (rectangular) end terminal, IPC_7351 nominal, (Body size source: http://www.tortai-tech.com/upload/download/2011102023233369053.pdf), generated with kicad-footprint-generator")
    (tags capacitor)
    (path /5A76967D)
    (attr smd)
    (fp_text reference C8 (at 1.905 0) (layer B.SilkS)
      (effects (font (size 0.508 0.508) (thickness 0.1016)) (justify mirror))
    )
    (fp_text value 100nF (at 0 -1.65 270) (layer B.Fab)
      (effects (font (size 0.508 0.508) (thickness 0.1016)) (justify mirror))
    )
    (fp_text user %R (at 0 0 270) (layer B.Fab)
      (effects (font (size 0.508 0.508) (thickness 0.1016)) (justify mirror))
    )
    (fp_line (start 1.46 -0.75) (end -1.46 -0.75) (layer B.CrtYd) (width 0.05))
    (fp_line (start 1.46 0.75) (end 1.46 -0.75) (layer B.CrtYd) (width 0.05))
    (fp_line (start -1.46 0.75) (end 1.46 0.75) (layer B.CrtYd) (width 0.05))
    (fp_line (start -1.46 -0.75) (end -1.46 0.75) (layer B.CrtYd) (width 0.05))
    (fp_line (start -0.22 -0.51) (end 0.22 -0.51) (layer B.SilkS) (width 0.12))
    (fp_line (start -0.22 0.51) (end 0.22 0.51) (layer B.SilkS) (width 0.12))
    (fp_line (start 0.8 -0.4) (end -0.8 -0.4) (layer B.Fab) (width 0.1))
    (fp_line (start 0.8 0.4) (end 0.8 -0.4) (layer B.Fab) (width 0.1))
    (fp_line (start -0.8 0.4) (end 0.8 0.4) (layer B.Fab) (width 0.1))
    (fp_line (start -0.8 -0.4) (end -0.8 0.4) (layer B.Fab) (width 0.1))
    (pad 2 smd rect (at 0.875 0 270) (size 0.67 1) (layers B.Cu B.Paste B.Mask)
      (net 2 /SRN))
    (pad 1 smd rect (at -0.875 0 270) (size 0.67 1) (layers B.Cu B.Paste B.Mask)
      (net 7 /SRP))
    (model ${KISYS3DMOD}/Capacitor_SMD.3dshapes/C_0603_1608Metric.wrl
      (at (xyz 0 0 0))
      (scale (xyz 1 1 1))
      (rotate (xyz 0 0 0))
    )
  )

  (module Capacitor_SMD:C_0603_1608Metric (layer B.Cu) (tedit 59FE48B8) (tstamp 5ABD345F)
    (at 152.164027 106.807)
    (descr "Capacitor SMD 0603 (1608 Metric), square (rectangular) end terminal, IPC_7351 nominal, (Body size source: http://www.tortai-tech.com/upload/download/2011102023233369053.pdf), generated with kicad-footprint-generator")
    (tags capacitor)
    (path /5A6AE738)
    (attr smd)
    (fp_text reference C12 (at 0 1.65) (layer B.SilkS)
      (effects (font (size 0.508 0.508) (thickness 0.1016)) (justify mirror))
    )
    (fp_text value 100nF (at 0 -1.65) (layer B.Fab)
      (effects (font (size 0.508 0.508) (thickness 0.1016)) (justify mirror))
    )
    (fp_line (start -0.8 -0.4) (end -0.8 0.4) (layer B.Fab) (width 0.1))
    (fp_line (start -0.8 0.4) (end 0.8 0.4) (layer B.Fab) (width 0.1))
    (fp_line (start 0.8 0.4) (end 0.8 -0.4) (layer B.Fab) (width 0.1))
    (fp_line (start 0.8 -0.4) (end -0.8 -0.4) (layer B.Fab) (width 0.1))
    (fp_line (start -0.22 0.51) (end 0.22 0.51) (layer B.SilkS) (width 0.12))
    (fp_line (start -0.22 -0.51) (end 0.22 -0.51) (layer B.SilkS) (width 0.12))
    (fp_line (start -1.46 -0.75) (end -1.46 0.75) (layer B.CrtYd) (width 0.05))
    (fp_line (start -1.46 0.75) (end 1.46 0.75) (layer B.CrtYd) (width 0.05))
    (fp_line (start 1.46 0.75) (end 1.46 -0.75) (layer B.CrtYd) (width 0.05))
    (fp_line (start 1.46 -0.75) (end -1.46 -0.75) (layer B.CrtYd) (width 0.05))
    (fp_text user %R (at 0 0) (layer B.Fab)
